24
30 11 30 12 30 13 
40 9 40 10 40 11 40 12 40 13 40 14 40 15 
45 9 45 10 45 11 45 12 45 13 45 14 45 15 
50 9 50 10 50 11 50 12 50 13 50 14 50 15
55 12 
1
29 12


139 
5 5 6 5 7 5 8 5 9 5 10 5 11 5 12 5 13 5 14 5 15 5 16 5 17 5 18 5 19 5 20 5 20 6 20 7 20 8 20 9 20 10 20 11 20 12 20 13 20 14 20 15 19 15 18 15 17 15 16 15 15 15 14 15 13 15 12 15 11 15 10 15 9 15 8 15 7 15 6 15 5 15 5 14 5 13 5 12 5 11 5 10 5 9 5 8 5 7 5 6 
30 8 30 9 30 10 30 11 30 12 31 12 32 12 33 12 34 12 35 12 36 12 37 12 38 12 39 12 40 12 40 11 40 10 40 9 40 8 39 8 38 8 37 8 36 8 35 8 34 8 33 8 32 8 31 8 29 8 
29 9 29 10 29 11 29 12 
21 5 21 6 21 7 21 8 21 9 21 10 21 11 21 12 21 13 21 14 21 15 
42 19 43 19 44 19 45 19 46 19 47 19 48 19 49 19 50 19 51 19 52 19 53 19 54 19 55 19 56 19 57 19 58 19 59 19 60 19 
70 15 70 14 70 13 70 12 70 11 70 10 70 9 70 8 70 7 70 6 70 5 70 4 70 3 
55 7 55 8 55 9 55 10 55 11 55 12 55 13 
40 4 41 4 42 4 43 4 44 4 45 4 
35 10 
2 8 13 8 9

147
20 5 21 5 22 5 23 5 24 5 25 5 26 5 27 5 28 5 29 5 30 5 31 5 32 5 33 5 34 5 35 5 36 5 37 5 38 5 39 5 40 5
20 7 21 7 22 7 23 7 24 7 25 7 26 7 27 7 28 7 29 7 30 7 31 7 32 7 33 7 34 7 35 7 36 7 37 7 38 7 39 7 40 7
20 9 21 9 22 9 23 9 24 9 25 9 26 9 27 9 28 9 29 9 30 9 31 9 32 9 33 9 34 9 35 9 36 9 37 9 38 9 39 9 40 9
20 11 21 11 22 11 23 11 24 11 25 11 26 11 27 11 28 11 29 11 30 11 31 11 32 11 33 11 34 11 35 11 36 11 37 11 38 11 39 11 40 11
20 13 21 13 22 13 23 13 24 13 25 13 26 13 27 13 28 13 29 13 30 13 31 13 32 13 33 13 34 13 35 13 36 13 37 13 38 13 39 13 40 13
20 15 21 15 22 15 23 15 24 15 25 15 26 15 27 15 28 15 29 15 30 15 31 15 32 15 33 15 34 15 35 15 36 15 37 15 38 15 39 15 40 15
26 6 36 6 22 6
27 8 37 8 
25 10 35 10 30 10
30 12 40 12 35 12
35 14 22 14
59 10 59 11 60 11 61 11 61 10 61 9 60 9 59 9 
60 10
5
20 6 20 8 20 10 20 12 20 14
